Program B.GHAA(0)    GHAA for Year yyyy Jan 0.0     (C)1991 G3RUH

           YEAR      GHAA deg        GMST rev
         -------------------------------------
 1978 99.3055780088023894                      0.275848827802228859
 1979 99.0668650360679408                      0.275185736211299836
 1980 98.828152140817236                       0.274522644835603433
 1981 99.575086685299657                       0.276597463014721269
 1982 99.3363739452282591                      0.275934372070078498
 1983 99.0976612826401404                      0.275271281340667057
 1984 98.858948697535146                       0.274608190826486517
 1985 99.60588355301237                        0.276683009869478806
 1986 99.3671711230854422                      0.276019919786348451
 1987 99.1284587706411748                      0.275356829918447708
 1988 98.8897464956794127                      0.274693740265776146
 1989 99.6366816621489545                      0.276768560172635985
 1990 99.3979695423640192                      0.276105470951011164
 1991 99.1592575000611246                      0.275442381944614235
 1992 98.9205455352401161                      0.274779293153444767
 1993 99.6674810126994907                      0.276854113924165252
 1994 99.4287692030540691                      0.276191025564039081
 1995 99.1900574708900694                      0.275527937419139082
 1996 98.9513458162073367                      0.274864849489464824
 1997 99.6982816046540589                      0.276939671124039053
 1998 99.4595701051456729                      0.276276583625404647
 1999 99.2208586831180894                      0.275613496341994693
 2000 98.9821473385711539                      0.274950409273808761
 2001 99.7290834380027388                      0.27702523177222983
 2002 99.49037224862891                        0.276362145135080305
 2003 99.2516611367352646                      0.275699058713153513
 2004 99.012950102321648                       0.275035972506449022
 2005 99.7598865127356104                      0.277110795868710029
 2006 99.5211756334938606                      0.276447710093038502
 2007 99.282464831731675                       0.275784624532587986
 2008 99.0437541074488993                      0.275121539187358054
 2009 99.7906908288427542                      0.277196363413452095
 2010 99.5519802597306046                      0.276533278499251679
 2011 99.3132697680974005                      0.275870193800270557
 2012 99.074559353942987                       0.275207109316508297
 2013 99.8214963863142494                      0.277281934406428471
 2014 99.582786127329222                       0.276618850353692283
 2015 99.3440759458225214                      0.275955766516173671
 2016 99.1053658417939916                      0.275292682893872199
 2017 99.8523031851401758                      0.277367508847611599
 2018 99.6135932362797934                      0.276704425656332759
 2019 99.3748833648971171                      0.27604134268026977
 2020 99.1361735709919933                      0.275378259919422204
 2021 99.8831112253106153                      0.277453086736973931
 2022 99.6444015865723977                      0.276790004407145549
 2023 99.405692025311268                       0.2761269222925313
 2024 99.1669825415270712                      0.275463840393130753
 2025 99.9139205068156449                      0.277538668074487902
 2026 99.6752111781971154                      0.276875586606103098
 2027 99.4365019270550542                      0.276212505352930706
 2028 99.1977927533893065                      0.275549424314970296
 2029 99.9447310296453476                      0.277624252860125965
 2030 99.7060220111440262                      0.27696117225317785
実行中断しました
OK
